Acc:0.7228571428571429
macro_precision:0.5276881531279164
macro_recall:0.46049940075469015
macro_f1:0.4683979674282355
Acc:0.7352380952380952
macro_precision:0.5294743936799637
macro_recall:0.47465407065249693
macro_f1:0.4785059727709132
