Acc:0.38198198198198197
macro_precision:0.2313505036643904
macro_recall:0.25977668246223
macro_f1:0.23123700923298104
Acc:0.3279279279279279
macro_precision:0.09740385859584527
macro_recall:0.09817975908496622
macro_f1:0.08524715016616695
