Acc:0.38198198198198197
macro_precision:0.2313505036643904
macro_recall:0.25977668246223
macro_f1:0.23123700923298104
