Acc:0.7504761904761905
macro_precision:0.5105636653906203
macro_recall:0.48671675532490355
macro_f1:0.4825868065047237
Acc:0.78
macro_precision:0.5473659447590388
macro_recall:0.5027737598449261
macro_f1:0.5133725816729703
Acc:0.7476190476190476
macro_precision:0.4984503175611879
macro_recall:0.500875713005456
macro_f1:0.48445872116179445
