Acc:0.7746759720837487
macro_precision:0.4101431359418032
macro_recall:0.329144504322372
macro_f1:0.34386516120107613
Acc:0.005752636625119847
macro_precision:0.00749063670411985
macro_recall:0.009009009009009009
macro_f1:0.0081799591002045
