Acc:0.6919242273180458
macro_precision:0.4672636408838285
macro_recall:0.483070160372929
macro_f1:0.45175860591244393
