Acc:0.34774774774774775
macro_precision:0.34242869754606675
macro_recall:0.22902611661832706
macro_f1:0.23342327848609903
