Acc:0.34774774774774775
macro_precision:0.34242869754606675
macro_recall:0.22902611661832706
macro_f1:0.23342327848609903
Acc:0.32432432432432434
macro_precision:0.20304239789187756
macro_recall:0.2114586017430013
macro_f1:0.17891285515663627
